14,9
0,273
0,270
3,2
3,1
3,3
10,297
10,207
10,117
10,187
10,29
10,175
10,129
10,87
10,2
10,3
11,5
11,20
11,16
11,15
11,23
9,7
9,1
9,5
9,2
9,3
8,16
8,4
8,14
8,17
71,4
8,11
71,3
8,2
71,2
8,3
71,1
0,390
71,0
69,5
69,4
69,3
69,2
69,1
69,0
68,8
68,7
68,6
68,5
68,4
68,3
68,2
68,1
68,0
66,9
66,8
66,7
66,6
66,5
66,4
66,3
66,2
66,1
66,0
64,6
64,5
64,4
64,3
64,2
64,1
64,0
63,5
63,4
63,3
63,2
63,1
63,0
49,4
49,3
49,2
49,1
49,0
48,4
48,1
46,4
46,3
46,1
38,6
38,5
38,4
38,3
38,2
38,1
34,4
34,3
34,1
33,4
33,3
33,1
32,7
32,6
32,5
32,4
32,3
32,2
32,1
30,3
30,1
29,5
29,4
29,3
29,2
29,1
20,3
20,2
20,1
19,3
19,2
19,1
18,3
